       -7.8425306400       12.2634097800      -12.3819646600
       -8.3904820100       11.8511014100      -13.0497842000
       -6.9455534500       12.0709788700      -12.6551571000
       -7.8052977101       12.1988981767      -12.4823487322
       -5.5632331600        3.0128969300       10.3022903400
       -5.9134570400        2.2128562200        9.9104868900
       -5.5455922000        2.8320584200       11.2420871600
       -5.5987120153        2.9082599514       10.3607484757
       -2.3089376400       12.2545497500       -1.1704336200
       -2.6097918700       12.0719492800        -.2802787800
       -1.3598055200       12.3477294600       -1.0885947000
       -2.2397814806       12.2450106366       -1.0667445131
        2.5775037800       11.2320280300        7.6545627300
        2.1679089100       11.8467196700        8.2633468300
        2.7381317400       10.4469115000        8.1780343500
        2.5509448065       11.2138476616        7.7753480572
       -5.7633166700       -3.7108319200       -5.3576663000
       -6.1579417400       -4.5619250300       -5.5477804700
       -6.4191861100       -3.0736251200       -5.6405702200
       -5.8753799795       -3.7336486102       -5.4081263187
       -9.2326626600         .7486144000      -10.3147621100
       -9.0287260400        -.1863799200      -10.2940903200
       -9.3691550600         .9848151700       -9.3972596000
       -9.2254679318         .6740693956      -10.2146807522
        6.4721184200      -10.7212305200      -12.0518490700
        5.9158550700      -11.3900128000      -12.4512651400
        7.3380819400      -11.1263155100      -12.0044657800
        6.5051562185      -10.8357871589      -12.0894027726
        6.7742413100       12.2951075500        3.2572515100
        6.4572976300       12.8901660500        3.9367247800
        7.5039497700       12.7622749900        2.8504198700
        6.8182737032       12.4084223299        3.2863360250
       -6.4726596600        5.8838146900        2.3790721200
       -5.9869696200        6.7069484400        2.3262719100
       -7.3684634400        6.1468524500        2.5902084700
       -6.5164092489        5.9996839048        2.3959629002
       -2.2974149500       -9.6878865400       -9.0019398800
       -2.6437572600       -9.0641467900       -8.3637960300
       -1.4785781100       -9.9975448500       -8.6148354900
       -2.2470107830       -9.6543813619       -8.8925697598
       -4.6199811200       -6.6814448100        7.6225277600
       -5.0965544500       -5.8515416300        7.6417739600
       -4.9547313500       -7.1324995400        6.8474640500
       -4.7065304568       -6.6410304997        7.5418996266
        5.5575513500      -11.3167311000       -8.5482679900
        4.7148772100      -11.5911978200       -8.1866049700
        5.4295401600      -10.3980096900       -8.7844796700
        5.4540018221      -11.2480041224       -8.5348852524
       -1.8145784900       -3.0340646600        2.0976655700
        -.8704151400       -3.0389562500        1.9403014000
       -2.1880823500       -2.6498137100        1.3045212500
       -1.7537024070       -2.9935958475        1.9962684413
        3.6711878900        1.6040460500        7.1744783500
        3.9496544100        1.8707641800        6.2983792200
        2.9560396500        2.2021395600        7.3914552800
        3.6246041161        1.6963013198        7.1041653551
       -1.0563556300        -.6973611700       -7.5679182900
        -.1191389900        -.7962034300       -7.4003264800
       -1.1959573000         .2490696100       -7.5997300500
        -.9712686806        -.6069432062       -7.5534337195
        8.4835058300       -4.4947324200      -11.6700589900
        9.1238634600       -4.9014119700      -12.2538275100
        8.3099109600       -3.6392998600      -12.0629098600
        8.5332985506       -4.4468609205      -11.7742415439
        4.4179826000       -8.3059360700       -3.3221479000
        3.4851389400       -8.1972786400       -3.5071563300
        4.8592460200       -7.8321533900       -4.0271645000
        4.3655424320       -8.2438032690       -3.4170928516
       -7.4046416500        3.1929168000       -7.6175833100
       -7.3506867000        3.5649603000       -8.4978698100
       -6.6140750600        2.6598495100       -7.5334669200
       -7.3145508615        3.1757393101       -7.7025161265
       -9.1349387200        4.0999628900       10.4394420600
       -9.7762055000        4.0319810900        9.7320615200
       -8.2990880300        3.8811621800       10.0274812500
       -9.1141811466        4.0693698723       10.3200343954
        5.5864856600       -8.0729329800       -6.5417169600
        5.4981395200       -8.1037558200       -7.4943327100
        5.1850183700       -8.8866964600       -6.2370124300
        5.5342339695       -8.1630306790       -6.6108340043
        8.6436259900        4.1291529000       -5.4410513100
        8.5613285700        3.8045077800       -6.3377477500
        9.4267434100        4.6793683500       -5.4559477100
        8.7183871694        4.1532160031       -5.5382970448
       -3.9461117400        4.6834485800       -4.4127092300
       -3.8090904000        4.7610256500       -5.3568696000
       -3.8229094200        3.7523485400       -4.2280318200
       -3.9183519333        4.5923975485       -4.4937283816
        -.9556967900        3.7421719400        -.9087727100
       -1.5537550000        3.0578543400       -1.2092184500
        -.9208878900        3.6303413000         .0412347100
       -1.0157823793        3.6572414565        -.8394796001
        1.2048440200       -7.0802831500       -7.1677977000
        1.6440339200       -6.2491612300       -7.3482981900
         .8794207000       -7.3698225000       -8.0201464900
        1.2169802657       -7.0225088974       -7.2779786742
        3.2281701300        1.9313120100        -.7891088000
        3.8565717000        2.1955719200        -.1171638500
        3.5128032000        2.3920609700       -1.5783655700
        3.3255696713        2.0086535787        -.8016232403
        7.3723036200       -5.3177652500       -9.2451040500
        6.5024820800       -5.6426054400       -9.4777436700
        7.8426858500       -5.2739316700      -10.0776009000
        7.3296927443       -5.3477421137       -9.3587293157
       -7.3413505800       11.3317999000        5.1471436800
       -7.5094927500       11.2676115300        6.0872712800
       -8.1656673400       11.0693417200        4.7374493700
       -7.4472228441       11.2969543172        5.2037285639
       -8.5976578600        8.8824618900       11.2602839000
       -9.0346621600        8.6713055900       12.0853124400
       -7.7686743500        8.4054613400       11.2988667200
       -8.5558428033        8.8090515739       11.3524111279
       12.4266724500       -2.5008293600       -8.6872101000
       12.1528439100       -1.5881227700       -8.7778547100
       11.7113217700       -3.0055655400       -9.0741812000
       12.3211500546       -2.4573084145       -8.7381605777
        6.6313525200       -8.8136664200        -.1252833300
        5.8800029700       -8.4638472100        -.6041697500
        6.3566624100       -8.8051289700         .7916159500
        6.5218979737       -8.7754381067        -.0785575545
      -12.2829688100      -11.0944549900         .7144603600
      -12.8638640200      -10.8364203600        -.0012286200
      -11.4478855700      -11.2871502300         .2881548700
      -12.2558528645      -11.0874847981         .5926361349
        2.1650213600        -.0550896200        5.7285377800
        2.7080059200         .4874910000        6.3003820500
        2.4413937300        -.9522228800        5.9156261900
        2.2524276704        -.0929121330        5.8094982296
       -5.6949643600        5.4653758300        9.4736283000
       -5.5650994200        4.5618160100        9.7616328100
       -4.9040099800        5.6749768900        8.9769489200
       -5.5967343746        5.3913465852        9.4513675492
        -.6408967300         .2695026200        -.0514088700
       -1.0573438100        -.5916973000        -.0851485800
       -1.0214446000         .6900531200         .7196633900
        -.7259175377         .2224955849         .0272473485
        1.7040421600       -6.8448099400        3.9814723900
        2.0634808300       -7.6073048400        3.5280000000
        2.1636390500       -6.8261193200        4.8209086200
        1.7914141877       -6.9241565415        4.0226457468
       -9.3892745800       -5.5881088100       -9.5649886400
       -9.0413866400       -6.2266236900       -8.9424899900
       -9.0848407600       -5.8950628800      -10.4189974700
       -9.3196870338       -5.6889683371       -9.5896853868
       -2.0426194500       -6.0949245500        1.8736824500
       -1.2674694100       -5.6911618000        2.2640027000
       -2.6781367700       -5.3819979500        1.8097665200
       -2.0277238893       -5.9757997921        1.9085021925
       10.0464171400       -3.5851794200       -9.4174109700
        9.5122430500       -3.2386046100       -8.7027251800
        9.4183913400       -3.7837062500      -10.1119630000
        9.9224374669       -3.5693861470       -9.4152631665
        2.7947966800      -11.9813652200        2.5770225200
        3.3198767800      -12.7801925800        2.5280575900
        1.9685699500      -12.2108160400        2.1516596800
        2.7626713451      -12.0910585642        2.5264227889
        2.7490343100      -10.2839801700      -10.5338510100
        3.5578255800       -9.7958256200      -10.3795990900
        2.9856250100      -11.1974093200      -10.3729041900
        2.8605522305      -10.3293470697      -10.5002266420
      -12.0098494400       -3.3493595000        2.7664695900
      -11.8493752600       -4.2802962300        2.9208608800
      -11.1621044300       -2.9313915500        2.9176748300
      -11.9022959230       -3.4040813273        2.7990696257
        -.0979135800       -9.1678466300        4.0240000000
         .2208949800       -8.2867504300        4.2196078600
       -1.0050716400       -9.1681340400        4.3294439500
        -.1606767753       -9.0738848367        4.0774505640
       -8.8746081000       -3.9901658600       -7.2807153200
       -9.8199879000       -3.9131435000       -7.1520435300
       -8.7826638000       -4.4506515500       -8.1148202400
       -8.9656498005       -4.0310724706       -7.3559686130
       11.1338854500         .8752442300        2.0561671700
       11.7099576800        1.2214574100        2.7377161800
       10.2820691200        1.2725268400        2.2372950200
       11.1044699737         .9545579227        2.1481947085
        5.3638482800      -12.3045515400         .2966927600
        4.8213490500      -11.5289530200         .4394280400
        6.0918689700      -12.2043839200         .9100312900
        5.3836391010      -12.2111276801         .3773482347
      -10.2383514100       11.7658340800       10.1092323300
      -10.7728326100       11.8213106500       10.9013712300
      -10.6913849600       11.1275339800        9.5582646100
      -10.3436962452       11.7036603771       10.1349596806
        4.2180540600       -1.4995659200       -7.9119309900
        4.8813406100       -1.8625456700       -8.4988964900
        4.6659724600        -.7880243300       -7.4544274200
        4.3365937601       -1.4623824859       -7.9257415642
        4.8290074100      -11.1290647500        8.8326575100
        3.8718254100      -11.1257305800        8.8278277800
        5.0721029400      -10.2035538700        8.8564483900
        4.7528310071      -11.0299786060        8.8346802233
        3.8902105000         .5529774300        9.6108744900
        3.0079748000         .7216395200        9.9416993900
        3.8682069400         .8561945500        8.7032363100
        3.7937492210         .6033159567        9.5493419408
       -8.5043416200       -5.3518140600        7.1224579800
       -7.8612857200       -5.6187985100        6.4656244800
       -8.0653816600       -4.6634324600        7.6221346500
       -8.3889157163       -5.3068607939        7.1056930047
        3.1775081400        9.2619157300        9.4444530700
        3.5411862500        9.6477033600       10.2414085200
        2.3129030300        8.9440970500        9.7046090300
        3.1240708903        9.2691664347        9.5572222487
        7.2245787800        -.1368270200      -10.8340125200
        6.4629354800        -.5994599700      -10.4845814600
        6.9200787100         .7609190200      -10.9665402200
        7.1108461015        -.0904105824      -10.8108739808
       -2.3981126200       -5.2114900300        5.7317443300
       -3.0281226000       -5.6577191300        5.1658831600
       -1.6684155500       -4.9922050300        5.1523583400
       -2.3874783281       -5.2356996824        5.6095731186
        4.6330886900       -1.4210726900      -11.3177738600
        4.1393068400        -.6023965600      -11.2710757000
        4.3601774900       -1.8191207900      -12.1443989400
        4.5513003896       -1.3762014711      -11.4009739062
       -2.6729488500        9.4881825800       -6.1452929200
       -2.2858964000        9.2340118900       -6.9830396000
       -3.1820140800        8.7241516800       -5.8744770800
       -2.6859647733        9.3795641733       -6.2057712429
       -1.5948352500        9.8106418200       -2.7744864200
       -2.2234038000       10.5191649500       -2.9127919100
       -1.7437194400        9.5306362500       -1.8713462200
       -1.6777713588        9.8563546681       -2.6928963612
       -3.7691929100       -7.1649369700      -11.2298579100
       -4.5085749200       -6.5661001800      -11.3344551300
       -3.1432107600       -6.6814763300      -10.6907438200
       -3.7812900352       -7.0494810293      -11.1835050752
       11.5239927000        5.7209089900        7.6897772800
       11.5572001700        6.4641583000        8.2920310100
       10.5913395200        5.5952568000        7.5148446800
       11.4280427812        5.7867922255        7.7353624968
        8.3811890500        1.5946663600        1.8645214000
        8.1360666200        1.5068940800         .9434118200
        8.2382088000        2.5199115300        2.0637947100
        8.3397875288        1.6840052216        1.7875182738
      -10.2896846600      -11.5837225400       -3.1339021200
      -11.1395107400      -12.0122291300       -3.2359294700
      -10.5030344900      -10.6759261800       -2.9179867000
      -10.4031007796      -11.5325934791       -3.1217529142
       -4.2868756100       11.7362887700        9.2241895200
       -5.1662037300       11.4095775900        9.0337329900
       -4.1777784700       11.5973582000       10.1649487600
       -4.3690413251       11.6866156351        9.3042293527
        9.2631825100       -7.5578941500       -3.0464504100
        9.0914007800       -8.2671230300       -3.6658995800
        8.7192368900       -6.8330693600       -3.3546452000
        9.1868310634       -7.5562304295       -3.1454084257
        -.0968863900        3.4590987700      -12.1569462300
        -.5038019500        2.6638588400      -12.5008139600
        -.5527459300        4.1735923000      -12.6018315000
        -.1889244084        3.4504850088      -12.2410878135
       11.1401415600      -10.9975591600       -1.5942097000
       10.2329638300      -10.7463135100       -1.7678070300
       11.2618384500      -11.8108882800       -2.0840233900
       11.0563490398      -11.0575203814       -1.6649802121
       -5.9974465000      -10.9826383000        8.3455384500
       -5.3188703200      -11.3866114500        8.8864376100
       -6.6809239600      -11.6495854600        8.2801787900
       -5.9979693525      -11.0968805668        8.3962674444
       10.5562065600       12.3464022000       11.7399999200
       10.1135045000       13.0699566800       11.2964735600
        9.8871198300       11.6661222900       11.8159869700
       10.4376045777       12.3510185892       11.7007920317
        -.0815698700       -9.8288644900         .6935720600
         .5932408200       -9.4351731600        1.2466267700
        -.2600839900       -9.1673727200         .0251461600
        -.0286265794       -9.7163010171         .6812646398
       -1.9943430200        8.3452147700        9.6447670000
       -2.6804686500        8.5487065100       10.2804198700
       -1.9528578600        9.1175906700        9.0808997400
       -2.0631111514        8.4493171297        9.6524248535
       -6.0666138300         .3312122100        1.1421734000
       -6.5178524300        -.3108564200        1.6902276300
       -5.8685881200        1.0560116500        1.7352024400
       -6.0936257508         .3400376615        1.2639004213
       -2.8446180500       -8.1024280500        9.4114080600
       -3.5059658700       -7.5115721700        9.0512133400
       -3.2554890800       -8.4757367300       10.1911884600
       -2.9589988408       -8.0792208281        9.4561680844
       -2.9539917000       -9.4344322900        4.3443922500
       -3.8096556800       -9.8615067800        4.3034243400
       -2.7635330000       -9.3679017100        5.2800903900
       -3.0249536179       -9.4728939320        4.4398391369
       -8.3149869400       -8.8044750900       -3.8793766200
       -7.3616956800       -8.8616428000       -3.8145732200
       -8.6266656800       -8.9762864000       -2.9907996200
       -8.2465418204       -8.8289018210       -3.7776731253
        -.1700356100        8.7737875600        6.4176798200
        -.3314258800        7.8332897900        6.4928393600
        -.7590322700        9.1704046400        7.0595596100
        -.2500844270        8.7157681515        6.4941712244
       -4.7774919100       -6.3490098200       -5.1990655200
       -4.8921677600       -7.2603252500       -4.9296486000
       -5.1802332200       -5.8385793900       -4.4965756300
       -4.8326882759       -6.3917749172       -5.0953856887
       -4.3696827100        7.4781675600       -5.4376760600
       -5.2658668400        7.4724485800       -5.1014423200
       -3.8552396400        7.0441450700       -4.7570846600
       -4.4104055944        7.4312573820       -5.3292044885
       -3.3811339000       10.7119200500        1.2922955800
       -4.0904263800       10.0736356100        1.3679856500
       -2.5865379800       10.1816477800        1.2317936400
       -3.3720340088       10.5872622522        1.2939157999
       10.4735286900        -.1412851500       -6.1909287000
       10.5690705000         .7965672300       -6.0249874000
       11.3463353600        -.5025206800       -6.0361732600
       10.5768289304        -.0797735553       -6.1567178234
       -5.2759589500        8.8042548200        2.0457456000
       -4.4883559500        8.2622913800        1.9989590000
       -5.2432486800        9.2004809500        2.9164733000
       -5.1884506204        8.7887080417        2.1336409346
        9.9229452900        3.7499094300       -2.9561963400
        9.3507595500        3.7728036600       -3.7232108000
       10.0355685900        4.6688999500       -2.7132884200
        9.8739206759        3.8503866064       -3.0121063070
      -10.7449103100        2.4885131000        8.7859674600
      -10.6167282500        2.1444471300        7.9019879300
      -11.6798568100        2.6883741300        8.8324696700
      -10.8309732949        2.4731297899        8.6966281258
        5.9269687500        5.9591207500        3.6393672900
        6.7277102000        6.4282307200        3.4048874500
        6.0167555400        5.7844429800        4.5762012400
        6.0219673824        5.9905298116        3.7142921232
       11.9899928400       -8.9555190300      -10.5864007500
       12.6188892200       -8.6513194100       -9.9320432300
       11.1517441800       -8.5922878800      -10.3006838100
       11.9676598253       -8.8843197041      -10.4861166894
         .2432125300       -2.3756690400       11.7009690000
         .5171089500       -2.3977311700       10.7840579600
        -.6593816100       -2.6941421600       11.6895443900
         .1761451189       -2.4119962238       11.6019371971
       -8.3248770700       -1.0471448300       11.4563497700
       -9.0369018100        -.4084501100       11.4927045800
       -8.2706919400       -1.3970232000       12.3456646300
       -8.3950532424       -1.0163348489       11.5550971749
       11.0756776500       10.1124008800        7.9996786900
       10.8809607600        9.2605668700        8.3904420300
       10.9767329500        9.9726734400        7.0579154400
       11.0443507946       10.0066243561        7.9408998265
        1.1058724800        7.4813093000        -.1952077500
        1.9549499300        7.8598140800         .0329006800
         .8151513500        7.0441955900         .6051950600
        1.1654361012        7.4750570915        -.0854895437
       -5.8525086100       -5.8202171100       -2.5703819500
       -5.1398819600       -6.4583320200       -2.6050874500
       -6.5865888500       -6.3008312600       -2.1878011300
       -5.8547972086       -5.9395594575       -2.5332717516
       11.1105151300       -1.2116245700       11.6008396900
       11.5626557200       -2.0483857000       11.7086892600
       11.7572796600        -.6411473900       11.1855286400
       11.2277427246       -1.2400308686       11.5680407076
        2.5332250800        7.3387914800       -9.7889858800
        3.3003364200        7.3690830100      -10.3606977500
        2.5866907400        6.4844178800       -9.3607114200
        2.6207615435        7.2508811072       -9.8042873125
        5.9751843100        6.7315186400        8.9287689900
        5.6727028000        6.0081999800        9.4779018300
        5.1720036400        7.1555376600        8.6265430500
        5.8572358944        6.6995903359        8.9551082084
      -11.3419219800        -.2440208500         .7892840000
      -12.2199540400        -.1718443900        1.1635594400
      -11.0236970200         .6577956700         .7481539700
      -11.4016403657        -.1401184729         .8248228599
        1.8698960900       12.1654707500       -8.9878588500
        2.3349565700       12.3975338000       -8.1840570600
        2.1833679000       11.2865961600       -9.2012756200
        1.9529473617       12.0964710160       -8.9248785121
        6.3904890700        5.3835794400        -.5856645300
        6.7742533800        6.2033584000        -.8969831000
        5.8449314100        5.6409904100         .1575301100
        6.3732294860        5.4984905293        -.5395934071
      -10.4732585900       -7.6860326400       -4.8501961800
       -9.6931591100       -8.1861024300       -4.6101819300
      -11.1986966600       -8.2975196000       -4.7234872500
      -10.4674274900       -7.8046098690       -4.8110753537
        1.7027970300        6.4300564800       11.7710024700
        2.5924836700        6.7788258700       11.7157807600
        1.8012821100        5.5916155200       12.2221668500
        1.8082119486        6.3778199227       11.8132403356
        2.2059628200        6.6852886400        5.1027158000
        2.9665486300        7.0114714600        5.5837000400
        1.6719768800        6.2480946400        5.7660047700
        2.2301357510        6.6734463314        5.2247831137
       -5.2775008700       -4.1701793900        -.4893511700
       -5.5215713300       -4.7359000100       -1.2218958000
       -5.0622641100       -3.3307025500        -.8957790300
       -5.2805767546       -4.1409759742        -.6108530202
        4.1560215900       -7.0933915500        -.9186993500
        3.2967800700       -6.7001184500        -.7661473400
        4.0747060200       -7.5253213400       -1.7690265100
        4.0556860440       -7.0975153189        -.9931357148
        3.9698466700        8.9150733500        -.1071012200
        4.3846402800        8.0624680700         .0242088600
        4.0782595300        9.3661883200         .7301405500
        4.0256606205        8.8722436803        -.0037792848
       -6.7443245700       10.2762349400       -2.1668478100
       -6.1473506100       10.1870172100       -2.9097435800
       -7.1480000000       11.1360335000       -2.2852725500
       -6.7237041167       10.3584379760       -2.2587306575
       12.3094693300       -1.8842870900       -4.1905065500
       12.2061709200       -1.5814129600       -3.2883820900
       12.8219090700       -1.1974849300       -4.6170509700
       12.3531151854       -1.7787116688       -4.1397732309
       -4.7271395900       10.5047270000        4.1992846800
       -5.6150607700       10.6811732800        4.5102421300
       -4.1650649000       11.0338066300        4.7653046700
       -4.7618998250       10.5799901905        4.2928377574
        5.9827303000        -.7085874700        4.5007619500
        6.8764758700        -.6793773000        4.1592982400
        5.5938467000       -1.4805638000        4.0896002600
        6.0365873194        -.7878233282        4.4204743404
        8.3233618300        8.2775077400        8.8048022100
        8.3960495000        8.2416774000        7.8510388600
        7.6073887600        7.6775030600        9.0136293900
        8.2547382530        8.2096789451        8.7253348622
        6.9018705200       -3.7398096900       -5.4550706000
        6.9794967800       -4.5295294700       -5.9903730200
        5.9892140100       -3.4697150200       -5.5567504300
        6.8127922312       -3.7952415927       -5.5230217776
        5.9519807100        8.6483724900       -6.9229463200
        5.9620696400        8.1149277800       -6.1282345400
        6.6003113200        9.3335380600       -6.7603197700
        6.0222187474        8.6645575738       -6.8208206063
       -4.8138600300       11.3080451200       12.3533763300
       -4.1265406900       11.9163452300       12.0817241000
       -4.7529849500       11.2881312100       13.3084310400
       -4.7340451028       11.3708122303       12.4262794655
        9.3847611600       -1.8840624700       -2.7403515800
       10.2031006500       -1.4511370600       -2.4971892600
        8.7653040200       -1.6274293200       -2.0572380400
        9.4059772769       -1.8105026241       -2.6415395088
       -2.6631118300       -2.7571268600        6.7908518200
       -2.7334044200       -2.3091203500        5.9478921700
       -2.5426605700       -3.6790605200        6.5633399100
       -2.6577610676       -2.8076838542        6.6766574244
       -9.5588858500       -7.0785043400        9.2165504200
       -9.4179243400       -6.5264113500        8.4474242800
       -8.8934161500       -7.7628965500        9.1459160000
       -9.4728584130       -7.0926175869        9.1269675173
        1.6371442000       -8.7099077300        9.2086934700
        2.5067947500       -8.4656441100        9.5253558200
        1.0784088400       -8.6671237300        9.9847193500
        1.6703116129       -8.6792864312        9.3252578672
       -4.4896148100        3.6465680600        -.1981413800
       -4.1505247000        2.9998584900        -.8170246200
       -4.9846043900        4.2609283900        -.7401547900
       -4.5062456542        3.6431171492        -.3219820277
        8.6671998100        -.7163389600        3.4330861000
        8.7121957300        -.2024088200        2.6268088400
        9.0952711100       -1.5440554500        3.2142888700
        8.7176650697        -.7498126588        3.3237345149
      -11.3587949900       -6.0300145800       10.9156297600
      -10.7841209100       -6.4996541400       10.3111297800
      -11.9092151300       -6.7113466500       11.3017076200
      -11.3562076592       -6.1527964591       10.8923292045
       -9.9206507300        1.3217895300       11.6226280000
       -9.9402600700        2.1039011700       11.0711312400
       -9.7031750300        1.6490084700       12.4954761700
       -9.8995429956        1.4401292785       11.6569087146
       -5.7651673600        -.1441082700       -3.4907023900
       -6.6834650800        -.1708912100       -3.7594844600
       -5.4022623600         .6124474600       -3.9513055100
       -5.8244148341        -.0662585019       -3.5685108102
      -10.5534963200      -11.5134890700        3.3445137900
      -10.2982676400      -12.3937914800        3.6204808700
      -11.4325416800      -11.3946388400        3.7042160500
      -10.6200430378      -11.5947182916        3.4123249107
       11.8409951900       -9.5992718100        2.8272218100
       12.2060790000      -10.1407405000        2.1273951800
       11.7843555200      -10.1869722100        3.5806353900
       11.8738989994       -9.7197278657        2.8329382901
        -.2803710800       11.5542693200       10.5613403500
         .5441075400       11.1951162800       10.8891755800
        -.0172285000       12.1942316300        9.8999508500
        -.1643472170       11.5842251321       10.5257578743
       -6.7293792100      -10.8435881100        4.7014370900
       -6.7541848000      -10.8848548900        3.7454488200
       -6.7101659600      -11.7589303200        4.9807421800
       -6.7299757825      -10.9456360201        4.6292507474
        8.8293689100       -9.4171027900        8.4710963300
        8.0376724900       -9.0006510500        8.1304842900
        9.5420568200       -8.8425339700        8.1914922100
        8.8209405412       -9.3113839665        8.4049337039
       -1.7052742600       -7.9134804300        6.6695542000
       -1.9919412600       -7.0668670000        6.3270639600
       -2.1446655400       -7.9910088000        7.5164051200
       -1.7827277764       -7.8314369578        6.7233577434
       12.3959927000        6.7350711600        4.5392682000
       11.5741274800        6.9216475800        4.0854415300
       12.1272263000        6.4099687600        5.3985148900
       12.2796476953        6.7202936627        4.5825170782
       -2.2227640900       -3.1576157000       11.9779513500
       -3.1559776600       -3.1560489700       11.7650151800
       -2.1701392400       -3.6044270500       12.8228312800
       -2.3167024070       -3.2051129360       12.0453650380
        -.8003024100        1.0306258700       11.5194344900
        -.8011362800         .5022515900       12.3175897100
        -.8913947300         .3942398800       10.8102469900
        -.8101087945         .9063730640       11.5289252746
        9.9436317900        4.8277049100        3.9154819100
        9.7734193000        4.8758823600        4.8561936000
        9.1090979000        4.5548375600        3.5342622500
        9.8364487410        4.8037357283        3.9751666850
       -5.7904832700        -.3545347400       12.0793537300
       -6.6029215300        -.5959601500       11.6345057900
       -5.1944723000        -.1064908900       11.3726168500
       -5.8135710236        -.3538287065       11.9565064378
        7.0273849400       -4.4692749100       10.1571105800
        6.8318983000       -3.5824887200       10.4598102000
        7.9782107400       -4.4812941600       10.0474853900
        7.1079620446       -4.3759576414       10.1777071270
       10.0615944300        7.9610672600       -4.4006699000
       10.1633481400        7.8813722200       -5.3491037200
        9.1151498700        8.0014539000       -4.2633984400
        9.9714855801        7.9568739688       -4.4872020405
       -7.3410985200       -1.7492474000       -6.4599670300
       -7.7985006200       -2.5107905100       -6.8164319500
       -7.7715201600       -1.5814964400       -5.6216182500
       -7.4358086452       -1.8125911994       -6.4085612400
       -2.7828234400        1.9996352100       -1.8610743600
       -2.6792486900        1.9401148100       -2.8107908600
       -3.0823250400        1.1295945200       -1.5973323700
       -2.8037242739        1.9004726812       -1.9342518712
        7.3222636800       -8.7678938200       10.9865233600
        7.0302652500       -9.6212657900       11.3070308300
        7.9223865700       -8.9732907700       10.2696576500
        7.3551333870       -8.8808398164       10.9442411627
       -8.5211876700       -1.8129443000       -3.9311629100
       -8.8630539700       -1.1581181000       -3.3224249400
       -8.4627520000       -2.6153520900       -3.4125504800
       -8.5514231202       -1.8286878201       -3.8109008662
       -9.5452357000      -11.3865259200       -8.4335853400
       -9.2828832100      -12.2706139400       -8.6900836700
      -10.2372806300      -11.1526021600       -9.0521201600
       -9.5910738804      -11.4558833112       -8.5269310070
        2.9661375100       -4.7769867100       -7.4796549800
        2.4603094000       -4.1856795000       -8.0370826000
        3.4554485400       -4.1969334700       -6.8962641900
        2.9643755221       -4.6520298184       -7.4768853142
       10.5292324100       -2.9312944800        3.4664656100
       10.3792333300       -3.7649578800        3.9122654200
       11.4204723600       -2.9992534200        3.1239677800
       10.6083055553       -3.0274765946        3.4774855265
       -4.0782635200       -6.9664724600        4.1763648900
       -3.8794298300       -7.9027093600        4.1638160100
       -3.6904335200       -6.6279298700        3.3693899000
       -4.0156801614       -7.0302325290        4.0889407710
        7.8646505000        3.1562226400       -7.9480536700
        8.0296950300        3.5611491300       -8.7995386500
        8.0076046700        2.2212636400       -8.0951849900
        7.8975067913        3.0996805100       -8.0545827821
        1.9910475200        5.4262908400       -2.0310385200
        1.1001381300        5.3255201800       -2.3662363400
        1.8809093600        5.8527706300       -1.1812053500
        1.8842590501        5.4610364219       -1.9761389085
        3.8113838700       -2.5106706800        -.3607252000
        2.9406203300       -2.1138396600        -.3836995700
        3.6452877100       -3.4484559500        -.2647944800
        3.7007750774       -2.5683779055        -.3529424558
        8.4774863700      -10.5339084700       -1.5762661500
        8.1733772200      -10.5648275900       -2.4833457900
        8.0278968700       -9.7782291600       -1.1980467700
        8.3970842696      -10.4565934296       -1.6326832283
       11.6255766300        9.1955982400       -9.6767111200
       11.4443787100       10.1334748600       -9.6151758900
       12.2732386100        9.1217844500      -10.3776514300
       11.6753374863        9.2877736292       -9.7449207571
        2.7391964300        7.1739759800       -4.0542575700
        1.8860106700        7.5664849400       -4.2393051600
        2.6283358200        6.7486266100       -3.2039519300
        2.6363551246        7.1704726728       -3.9832900228
       -9.2321737700      -10.4260092100      -11.8118804600
       -8.7840495200      -11.2595828700      -11.9553079300
      -10.0661303700      -10.6680492900      -11.4091835100
       -9.2733330998      -10.5407521565      -11.7842224421
       -2.3644123200      -10.3174259500       -5.4934585700
       -2.0904980600      -10.9645904000       -6.1433670200
       -2.5911857800      -10.8346022500       -4.7205845100
       -2.3593834940      -10.4416340030       -5.4803410020
        3.9077216400       -5.6540571500       10.8159410500
        4.7253598000       -5.9318103700       11.2289214700
        4.0823521100       -4.7629053700       10.5133116500
        4.0135736035       -5.5886218031       10.8277129349
      -10.9729534700        1.2923614400        6.2373561600
      -10.2252505000        1.4741963700        5.6680511800
      -11.4170306600         .5533360400        5.8215812900
      -10.9405636675        1.2329221878        6.1322710720
       -5.1339915500      -11.6085134100         .4181854800
       -4.6761073300      -12.4343243600         .2613092400
       -4.4361891700      -10.9757085900         .5880729400
       -5.0107066933      -11.6291026710         .4195734743
       -4.3774653300        1.6767548200       -4.9868061300
       -4.8038863100        1.8298540900       -5.8299891500
       -3.6083539700        1.1480449300       -5.1993276900
       -4.3409082440        1.6366859108       -5.0994252326
       -1.4919910000        6.8681604100       -7.3266598000
        -.8106417600        6.5909634700       -6.7141592700
       -2.1920566700        6.2251713700       -7.2139433900
       -1.4939876074        6.7699979872       -7.2492960350
       -1.3752804700         .0323659700      -10.6197909000
        -.6169175200         .0184446600      -10.0359042000
       -1.8228753000        -.7968606600      -10.4516424100
       -1.3421287461        -.0575782873      -10.5395662521
        -.5243388600        1.9929805300       -7.1453182600
         .4045761500        2.0603163600       -6.9243779500
        -.6360010300        2.5787346400       -7.8940876000
        -.4371570070        2.0626500231       -7.2016253300
       -3.9523052000        2.6085717400        3.1818111600
       -4.6098784900        2.3471373600        2.5372328000
       -4.1524702800        2.0822537100        3.9558622700
       -4.0438059166        2.5245368962        3.1956228884
       -9.2060914200        1.0853824200       -3.1937248900
       -8.7497112500        1.8976895700       -3.4130558600
       -9.3791246500        1.1533363000       -2.2547501300
       -9.1758648976        1.1792857801       -3.1169556504
        4.3032732100       -5.1116706600        1.3403881100
        5.1178924800       -4.6111989000        1.2939628600
        4.3248368400       -5.6773674800         .5685371200
        4.3924744597       -5.1186286555        1.2530970841
         .5189097200        3.6887830700        5.0099854100
        -.4189495400        3.5177117800        5.0959299200
         .7533223500        3.3188700600        4.1588409300
         .4438683403        3.6310726389        4.9283563865
      -11.6755308500       -7.2937833200       -1.4054650500
      -12.2139639800       -7.5647287100        -.6618857400
      -12.0281154300       -7.7838366100       -2.1482730500
      -11.7705816974       -7.3749641637       -1.4053827692
        1.2056147700        2.3829634700       -9.7184644600
        1.8697717800        3.0276969900       -9.4746489800
         .6700207600        2.8270086000      -10.3758797200
        1.2193294492        2.4991108060       -9.7625859282
       -4.5925751600       -5.1180267200        2.0091169800
       -4.6281661200       -5.1255054900        1.0526081300
       -5.4344541900       -4.7501678200        2.2777270500
       -4.6861807811       -5.0795825495        1.9357341940
        4.5615400000       -8.1080107300        9.0424298600
        5.0957386900       -7.5467458800        9.6044310800
        4.9985461300       -8.0809189500        8.1912403900
        4.6651449453       -8.0452467741        9.0115802058
        1.6133069000       -2.6457018600        9.0729617700
        1.2275747900       -2.3502403200        8.2482527000
        1.5409438900       -3.5997098500        9.0435645200
        1.5644388148       -2.7159534357        8.9818485086
        5.5241340700        4.4634922300       -6.1665598300
        5.9957414600        4.0865249500       -6.9093343400
        5.2488921500        3.7072867400       -5.6482674500
        5.5450816944        4.3426090749       -6.1905068475
       10.1754944300        3.1017155300        -.4263741900
        9.9610641600        2.1733261200        -.3350253900
        9.9085353900        3.3230237000       -1.3185554500
       10.1241413970        3.0262864220        -.5118043707
      -12.2419515000        -.6746106300        4.6495325000
      -12.2120481100       -1.2634202700        5.4036152800
      -13.1477681000        -.7220394800        4.3437897600
      -12.3353910489        -.7424824657        4.6973599452
      -11.7734113700        2.7287507000       -1.0752455800
      -12.0244100700        2.4551133200       -1.9574893600
      -12.5151541900        3.2481313700        -.7649342100
      -11.8793137799        2.7549657883       -1.1362574540
        6.3401320700        5.1417873800        6.1285822300
        6.2269042400        4.2243322100        6.3769515300
        6.1289401600        5.6331430300        6.9224332500
        6.3055240360        5.0963324805        6.2397628760
        6.5896991600       -3.9995445700        1.1372740900
        7.5408708400       -4.0348512600        1.2385544800
        6.4096312600       -3.0967688500         .8749701000
        6.6719579826       -3.9070058185        1.1200966204
        -.4412646400       -8.5168013500       10.9601830700
       -1.2301321400       -8.4901420500       10.4186951300
        -.5260853000       -9.3235793500       11.4682643300
        -.5344668278       -8.6000218547       10.9566193549
        3.7035943400       -2.8955220900       10.9183413700
        4.3373556200       -2.5219918600       10.3059251400
        2.8588044800       -2.7972794300       10.4791258000
        3.6810825031       -2.8451949052       10.8061567382
      -11.1193556600       -5.0364532700        6.2032404100
      -10.2413729700       -5.0065158700        6.5833482800
      -11.3889072600       -4.1195758300        6.1493003600
      -11.0544502265       -4.9354501677        6.2380349234
      -11.4388325500      -11.1284077100      -10.4215392400
      -12.0787335900      -10.4271182900      -10.5438161400
      -11.8775078400      -11.7561164300       -9.8472766000
      -11.5538915359      -11.1205583622      -10.3733228834
        8.6022319700      -11.7288380700        6.1852342300
        9.0064072300      -10.9372463900        6.5405605600
        7.7543626900      -11.4361234900        5.8510670500
        8.5549001469      -11.6131678339        6.1874914187
      -11.1904209400      -11.2732621500       -6.1514731300
      -10.8314725500      -11.5974278300       -5.3254558700
      -10.5899670400      -11.6031324600       -6.8199583800
      -11.0880750498      -11.3430325646       -6.1346681318
        3.4859261200       -2.4663625500        6.7770709900
        4.3537950000       -2.4690916400        7.1808382500
        2.9111795400       -2.8473802100        7.4409412800
        3.5171954457       -2.5072993949        6.8909630628
       10.4034872300       -5.2334223200        -.8036315900
       10.1226481800       -6.1094438600        -.5391556400
        9.8846223300       -5.0406207900       -1.5845532400
       10.3181774351       -5.3063059902        -.8587243237
        6.4345412800       10.9584709800      -10.2952781500
        5.6615137600       10.4109291500      -10.1579528800
        6.2348673300       11.7748260700       -9.8371007700
        6.3307766769       10.9871470971      -10.2317518801
        4.1573332600        9.6597985600       -8.9996144900
        4.7247701000        9.5913748000       -8.2317828300
        3.8356465600        8.7693346600       -9.1404106600
        4.1835490791        9.5575075689       -8.9327244001
        9.0263528100        4.6828640500        6.7133102000
        9.0625992200        3.7505268800        6.4996154500
        8.1235707500        4.9377824300        6.5229605100
        8.9339136285        4.6105992349        6.6702080641
      -10.9851204100      -12.3583543800        6.5769506200
      -11.0480161800      -13.1930244200        7.0412801100
      -10.0560447800      -12.1313766300        6.6160838000
      -10.8927191830      -12.4231810007        6.6306583666
       -3.4892970400        2.0898497000       -9.8621928200
       -2.9906165200        2.8795954700      -10.0715996200
       -2.9243768500        1.3686784900      -10.1396979400
       -3.3758356041        2.0971650092       -9.9141349869
        4.7212491700       -8.7308981500       -9.1960939800
        4.2622604800       -7.8910801600       -9.2124330000
        5.4580335700       -8.6134176100       -9.7957429800
        4.7508835054       -8.6287766821       -9.2618055620
        -.4577475400       -3.3566004600       -8.0889410200
        -.7498381900       -2.4651475700       -7.8986080600
        -.9341441700       -3.9037095700       -7.4644814800
        -.5397272429       -3.3198669947       -8.0020216280
       -5.1282142900       -9.0229804700        6.0713281800
       -5.1112669100       -9.4568353000        6.9243900900
       -5.8293252500       -9.4640815400        5.5916354600
       -5.2011986172       -9.1163178962        6.1111579808
         .5418173500        8.7917641900       -7.4133246600
        -.2189666100        8.2115031200       -7.3861824500
        1.2948967300        8.2017474100       -7.3819642100
         .5409954507        8.6669227866       -7.4070837881
        5.5201176800        -.9408583200        1.0709823800
        4.9432956500        -.6475499300        1.7763038500
        4.9509961100       -1.4451094900         .4895503200
        5.3978721746        -.9633610040        1.0841984960
        5.9036631300       -1.5761125100        9.7253087200
        5.4009013300        -.7617659500        9.7079277500
        6.1790317900       -1.7075553600        8.8180454100
        5.8794055755       -1.5032625816        9.6266707004
        4.7237604500        7.5545151600      -11.6266295600
        4.7654532100        8.2742093500      -12.2563388800
        4.8610097300        6.7668693200      -12.1529455300
        4.7428494000        7.5472663008      -11.7499505470
       -7.5700431700        3.9272825600        8.0053934100
       -8.0993546300        4.2700610700        7.2852794600
       -7.0726784700        4.6828302400        8.3184555700
       -7.5734511456        4.0444483962        7.9619704599
       -2.0567780400        5.6879504800       11.6466932800
       -2.7319582400        5.2226321100       12.1404972500
       -2.3214924700        6.6069966100       11.6855819000
       -2.1570429170        5.7363526695       11.7035191787
       -9.3731155800       -9.0423661000       -1.3995522900
       -9.6046221700       -9.6720737600        -.7168336100
      -10.0423156000       -8.3610607700       -1.3345427800
       -9.4692000075       -9.0368618298       -1.3197870987
       -3.7128838400        4.9416750700       -7.1800928400
       -4.5356339300        4.9959549000       -7.6662696000
       -3.3037005700        4.1338347900       -7.4902459900
       -3.7570017922        4.8612877123       -7.2650427034
        1.5189662000        -.1297567300       -6.7174041400
        2.2807925400        -.5037013200       -7.1601432500
        1.8315923700         .0792924000       -5.8371796300
        1.6335852703        -.1473472369       -6.6707346322
      -10.3877954500        9.1567393500       -4.2284758300
      -11.3317793000        9.3050376700       -4.1724943100
      -10.0826400300        9.2082465100       -3.3226839000
      -10.4559435720        9.1780539434       -4.1258769923
        4.0958402800       -2.9317834200       -5.5057037100
        4.1646655600       -2.2600422600       -6.1841274300
        4.0460407400       -2.4404993100       -4.6857087300
        4.0978698836       -2.8077156981       -5.4906013522
       -7.6305743400        5.2285673800       -5.7247423000
       -7.3320694400        4.6027172000       -6.3846197300
       -8.3196365200        5.7284317500       -6.1624188500
       -7.6722377099        5.2151276269       -5.8418257594
        -.1241837100      -11.3289368500       -3.4446631600
        -.0116451000      -11.9668578600       -4.1493784800
         .2668614100      -11.7472120000       -2.6776159300
        -.0704630491      -11.4416083928       -3.4380137962
         .5922786400        8.4869991500       10.3510696000
         .7216377700        7.8995440800       11.0956463900
        -.3438461600        8.4294499400       10.1597837000
         .5062155239        8.4181922086       10.4100928578
       -8.5871883900         .6350712500        -.4355341700
       -7.6723810900         .6893438400        -.1591034900
       -8.7630300500        -.3036053400        -.5003247800
       -8.5083579588         .5407259315        -.4129571014
       -1.5185052100       -6.4318795400       -9.2854662800
       -1.8545989400       -6.5058274000       -8.3922672200
       -1.7008540100       -5.5263037100       -9.5362912700
       -1.5738109590       -6.3431641953       -9.2169399207
      -11.4265822800        9.8724338200        -.2186199600
      -10.6545459800        9.7732392200        -.7757126100
      -11.8622977700        9.0210863500        -.2585116100
      -11.3907046789        9.7710331091        -.2823042874
       -6.6053920400        5.6952613700      -11.6395837800
       -6.4283239800        6.5112482700      -12.1076052800
       -7.5222249500        5.5010098200      -11.8343030300
       -6.6843077283        5.7615860583      -11.7102827899
       -9.7548880300       -1.4170038800        8.2760194000
       -9.3725802100        -.7037102600        7.7648591600
       -9.0035489500       -1.8559922800        8.6747807400
       -9.6339542962       -1.3877418987        8.2640290539
       -8.7087981100        6.9329822700        -.5838146000
       -8.8534193800        7.0418942500         .3561081200
       -8.7867904100        5.9903858800        -.7309916600
       -8.7325457956        6.8440475510        -.4992470926
        2.2566641700       10.0952865000       -2.0299046700
        1.4821275200        9.5908884100       -2.2787166100
        2.5641826200        9.6808313900       -1.2237463700
        2.2068441999        9.9972662538       -1.9704487880
        -.2600126700       -5.0721123600        3.8237595700
         .1166976800       -4.3481859200        3.3235079800
         .4863689900       -5.6342071500        4.0315953300
        -.1402048973       -5.0548486903        3.7925656082
       -6.2174419500        9.7709610100        8.5766623300
       -5.7735754500        9.1031457200        8.0539414600
       -6.2711002000        9.3924096500        9.4541881200
       -6.1758158135        9.6593380471        8.6145117554
       -3.3494507500       -7.0406037300       -1.6031231400
       -3.7262013500       -7.3521059200        -.7801667600
       -2.9768812800       -7.8237907800       -2.0081439600
       -3.3498967792       -7.1573815883       -1.5585391450
       -9.6136331000       -4.8167914300       -1.7526824400
       -9.5020905900       -4.7620830500       -2.7017857600
      -10.5086017400       -4.5143700400       -1.5983960800
       -9.6972064305       -4.7786939973       -1.8374709069
       -4.8316715500       10.4226148200       -4.2120156900
       -4.2306731100        9.9537726400       -4.7909973100
       -4.4550126700       11.2991316300       -4.1340527500
       -4.7273782731       10.4661042127       -4.2654627198
        -.1219688700       -3.2317091200       -1.7671848700
        -.5427414600       -4.0584456800       -2.0031698800
        -.4381721900       -2.6066985800       -2.4195721300
        -.2005870433       -3.2532285903       -1.8619535105
       11.9372983800        7.5337905400        -.0468805000
       11.6215428200        7.1386360800        -.8595201600
       12.2891509500        6.7993880200         .4561946100
       11.9411490907        7.4132931055        -.0799038310
        6.3786968200       -6.3547716300       11.8678361800
        6.8549137900       -7.1026138500       11.5070297800
        6.6337781300       -5.6175529800       11.3131524700
        6.4567093224       -6.3559049176       11.7701746972
        1.6749475300       -8.7285729200       -3.3316860000
        1.5776220000       -9.1286171900       -2.4675539700
        1.0552131900       -9.2021513000       -3.8865595900
        1.5984539345       -8.8217681195       -3.2986953238
       -1.3417165800        2.4385608100       -4.2695319800
       -1.1495956900        3.3751652800       -4.2237774100
       -1.1306357300        2.1940156900       -5.1705727200
       -1.2987043406        2.5123874320       -4.3607711039
       -2.0177387700       -5.6152557500       -6.6526877700
       -2.6972145300       -4.9415565200       -6.6786467000
       -1.6238615900       -5.5255407800       -5.7849067900
       -2.0482054900       -5.5338172266       -6.5628849543
        4.4387646600        4.1872762600       -2.2729442700
        3.5670927000        4.4797073800       -2.0066664500
        5.0401185800        4.7485728400       -1.7835043400
        4.4099280179        4.2783491314       -2.1923267786
        6.5573315800        9.5949361500        3.2117231000
        6.6247295900       10.5494670500        3.2353895400
        6.5067801600        9.3350405700        4.1315767200
        6.5591287190        9.6690375680        3.3123747259
        9.0386851400        5.8877356500       -8.3003047700
        8.7466946900        4.9887124900       -8.1495374600
        8.2812549200        6.3237904300       -8.6906732100
        8.9267363843        5.8383477014       -8.3258646328
        8.1070110500       -1.3214279500        -.2920682600
        7.3738223800       -1.1093443600         .2855880100
        8.5315019000       -2.0714771100         .1244237800
        8.0740801789       -1.3788163529        -.1860157784
        7.3600578100       -6.0366825100        5.5654309900
        6.8209899400       -5.8721103100        4.7917685000
        8.2545485000       -5.8535822200        5.2780418200
        7.3979731509       -5.9995939489        5.4522414784
       11.8636311200       -7.9705135700       11.7647509700
       11.8080858200       -8.2531817000       12.6775736700
       11.4866302000       -8.6951583500       11.2657599100
       11.8174885077       -8.0779704080       11.8088971723
       -2.6156332300        3.1503773200        7.1234233000
       -3.3579330600        2.5764726300        6.9340659200
       -2.9601160900        3.7908569000        7.7457972300
       -2.7315676435        3.1574793109        7.1696160856
        -.2593617200        6.6927140000      -10.2374437200
        -.4483533400        7.6182663200      -10.0829545100
         .6769747100        6.6686467100      -10.4347421800
        -.1796374264        6.7888814668      -10.2420104704
        8.9654367300      -10.2416822900       -4.4401941200
        9.2159334900       -9.6547071000       -5.1535967600
        8.2418498000      -10.7571965100       -4.7964228100
        8.9149690221      -10.2340590681       -4.5542988827
       -8.1147025500       -6.7638540000        -.5663361800
       -8.4199299200       -7.6473845600        -.7723503800
       -8.7282651600       -6.1860768200       -1.0201492500
       -8.2127160521       -6.7964707679        -.6367243894
       11.5056803000         .0142047300       -8.9574381500
       11.0019141400         .1406707600       -9.7614641700
       10.8494164100         .0137069000       -8.2606244700
       11.3819320983         .0276426045       -8.9688752109
       -8.0060491300       11.8460564800        8.3788022500
       -8.8112484800       11.7930787000        8.8936606700
       -7.5733061300       11.0044945000        8.5228118300
       -8.0457815520       11.7506299118        8.4490881276
       -5.9811464700        7.5467814900       -1.7232771700
       -6.7956674000        7.6032720100       -1.2236810200
       -6.1723743500        7.9974538900       -2.5458087100
       -6.0884364549        7.6008839672       -1.7577268584
       -4.6839694700       12.1297881300       -6.6814933700
       -4.9514056700       12.9662612400       -6.3006752300
       -3.9228759300       12.3441060200       -7.2209711800
       -4.6313077238       12.2418830680       -6.6984186633
        6.1379807200       -5.0198243300       -1.6160251300
        5.4104291400       -5.6218040700       -1.4594335500
        6.4524597300       -4.7908011900        -.7414491200
        6.0939154928       -5.0596101171       -1.5060235530
         .4987609600       12.1801220100        -.7710245000
         .6098298100       11.9560006700         .1529155300
        1.0802566100       11.5782077900       -1.2355607400
         .5726414697       12.0920032453        -.7220168102
       -7.6605774400        8.1857030500       -8.3541866300
       -8.3131440900        8.0131071900       -7.6755119900
       -6.9693158500        8.6716060400       -7.9044227500
       -7.6564495907        8.2191256272       -8.2338085091
       10.6852518000       -3.8025532600       -5.0918118500
       11.2475700100       -3.1320006000       -4.7040113800
       10.0260784000       -3.9803563400       -4.4209107200
       10.6749196059       -3.7499883507       -4.9788730351
        8.5091032300         .4581616600       -8.3523595800
        8.6613498800        -.3342661400       -7.8374703000
        8.1082528400         .1443411700       -9.1629565900
        8.4825829983         .3401507201       -8.3839047109
      -11.0636125000       10.1580253800        8.2511631800
      -10.7896961400        9.3485014800        8.6822927600
      -12.0197339900       10.1134938300        8.2421918800
      -11.1363879061       10.0669175453        8.2961976409
        5.5445136700       -5.1060853700        7.6146359300
        6.2738663100       -5.4385618500        7.0914381100
        5.9106986700       -4.9919251800        8.4916238600
        5.6613820329       -5.1293746359        7.6523770988
       11.1158523400      -11.8459639400       -5.8376688300
       11.9823014100      -11.4943530000       -6.0422845400
       10.5363741100      -11.0844331000       -5.8601990900
       11.1464654482      -11.7272176252       -5.8619000172
       -7.2286050900      -10.0870223100       -8.4362547200
       -6.6244357100      -10.2880766700       -9.1509493000
       -8.0522416500      -10.5005792300       -8.6947606700
       -7.2520171291      -10.1525870259       -8.5400725611
       -1.1825392900         .6987658200        4.7549121900
        -.8205943600         .7804215600        5.6372726800
       -2.1186203100         .8670072300        4.8629815600
       -1.2437862453         .7254240285        4.8605679996
        -.6384381100       -7.7938225500        -.7737466200
       -1.4147067200       -7.4842279200        -.3070668100
        -.9653816500       -8.0603728200       -1.6329850600
        -.7561251644       -7.7892307188        -.8156234873
        -.1672229400       -6.8622851300      -11.6879393000
        -.9403564300       -6.8190035200      -11.1252465400
        -.4217539600       -7.4481295500      -12.4008433000
        -.2768508199       -6.9201639514      -11.7039633425
       10.5472673300        2.3943014200        6.2137357400
       11.0576812500        2.5400899400        5.4172088000
       10.2915750800        1.4729385400        6.1696477700
       10.5744402025        2.3115656906        6.1240616980
       -4.0277162500       -7.8216281000         .7391368700
       -3.4217974200       -7.2740175200        1.2383531100
       -4.7971085500       -7.9035243800        1.3026617900
       -4.0451550637       -7.7719472257         .8525066119
        5.0389797300       -6.6247249900        3.6768388200
        4.3756498300       -6.5221644700        4.3592658300
        4.7087778200       -6.1083002100        2.9416490600
        4.9329930146       -6.5586936680        3.6712102629
        2.9310872700       -4.4654532300       -2.3366957700
        2.3035836100       -3.8812556400       -2.7623531200
        3.7881298000       -4.1169890800       -2.5822210800
        2.9555737239       -4.3659599340       -2.4082953352
         .1510524400       -1.7332051800        7.0369299600
         .4026484200        -.9803082600        6.5020678000
        -.5859703100       -2.1249207900        6.5683275700
         .0992687040       -1.6946755423        6.9298836524
        1.7450923400       -3.5292805300       -9.3379479100
        1.7020314100       -4.1972098700      -10.0222344000
         .9338471200       -3.6408437100       -8.8423001800
        1.6539577614       -3.6124342359       -9.3580712743
       -2.6498137600        5.4387486900        5.3058634000
       -2.5077224300        4.6083896700        5.7603364900
       -1.9074592600        5.9844587900        5.5653670100
       -2.5554639792        5.4083832767        5.3820280930
       -1.6308381400        -.3109982200        9.1155102600
       -1.2107037100         .4056502500        8.6399749000
       -1.5166569800       -1.0742328900        8.5492353000
       -1.5738391050        -.3159678830        9.0043733514
        1.5795166200       -6.1184126400        -.7872484300
        1.7890474200       -5.6168463500       -1.5751316400
         .7703985600       -6.5810041200       -1.0053514200
        1.5155546173       -6.1142549351        -.8945637389
      -10.2108739100        5.0519487400       -9.3490849300
      -10.9750216400        4.7814563900       -9.8581467800
       -9.4833418200        4.5583844200       -9.7276653700
      -10.2147799464        4.9704416800       -9.4437756987
         .1974952900        5.6185146000       -5.5607966200
        -.0652960700        5.6409157000       -4.6406495000
         .5909946100        4.7537116300       -5.6770117300
         .2114387865        5.5286499310       -5.4750357895
        7.7674728600       -6.3860710500       -6.6781402600
        7.0306142600       -6.9871304100       -6.5686007900
        7.6956399100       -6.0806289600       -7.5824504900
        7.6812042974       -6.4176065310       -6.7629237984
       10.0788571100       -8.2997415400       -5.7870481800
        9.3434087800       -7.7792745900       -6.1102536000
       10.8484762600       -7.7541036700       -5.9489046400
       10.0825023410       -8.1860129739       -5.8387929907
       -7.0132017700       -1.3682465500        6.9971768800
       -6.3299921800       -1.1953133900        7.6449041500
       -6.8337460900       -2.2570678800        6.6905433300
       -6.9211754679       -1.4446151524        7.0335636395
      -11.3322925900        4.7934437100        2.9704516000
      -11.5822047700        5.2329897300        3.7832092800
      -12.0474793700        4.9856122600        2.3639774000
      -11.4352461822        4.8608329488        2.9924572452